time	playerXPos	playerZPos	playerAngle	door1Angle	door2Angle	door3Angle	printTimeEntered	printTimeExited	AngleDifference	TimeUntilHit
0	0.051	-1.859	88.4285368044525	5.464151E-05	120.0001	240.0001	0	exit undefined	31.5715178370542	1.43506899259337
0.35	0	-2	90.0000010505524	313.3342	73.33417	193.3342	0	exit undefined	103.334166429916	4.6970075649962
0.54	0	-2	90.0000010505524	309.2849	69.28488	189.2849	0	exit undefined	99.2848805412445	4.51294911551111
0.64	0	-2	90.0000010505524	306.9749	66.97491	186.9749	0	exit undefined	96.9749135002288	4.40795061364676
0.75	0	-2	90.0000010505524	304.6282	64.62823	184.6282	0	exit undefined	94.6282338127288	4.30128335512404
0.85	0	-2	90.0000010505524	302.3377	62.33768	182.3377	0	exit undefined	92.3376759514007	4.19716708870003
0.95	0	-2	90.0000010505524	300.1357	60.13571	180.1357	0	exit undefined	90.1357106193695	4.09707775542589
1.06	0	-2	90.0000010505524	297.8438	57.84375	177.8438	0	exit undefined	87.8437489494476	3.99289767952035
1.16	0	-2	90.0000010505524	295.505	55.50504	175.505	0	exit undefined	85.5050343498382	3.88659247044719
1.27	0	-2	90.0000010505524	293.1339	53.13391	173.1339	0	exit undefined	83.1339100822601	3.77881409464819
1.38	0	-2	90.0000010505524	290.7734	50.77344	170.7734	0	exit undefined	80.7734364494476	3.67151983861125
1.48	0	-2	90.0000010505524	288.5591	48.55908	168.5591	0	exit undefined	78.5590809806976	3.57086731730444
1.58	0	-2	90.0000010505524	286.2476	46.24759	166.2476	0	exit undefined	76.2475880607757	3.46579945730799
1.69	0	-2	90.0000010505524	283.9143	43.91434	163.9143	0	exit undefined	73.9143361076507	3.35974255034776
1.8	0	-2	90.0000010505524	281.6113	41.61133	161.6113	0	exit undefined	71.6113270744476	3.2550603215658
1.9	0	-2	90.0000010505524	279.3501	39.35007	159.3501	0	exit undefined	69.3500660881195	3.15227573127816
2	0	-2	90.0000010505524	277.0161	37.01611	157.0161	0	exit undefined	67.0161122306976	3.04618691957716
2.11	0	-2	90.0000010505524	274.723	34.72299	154.723	0	exit undefined	64.722990892807	2.94195413149123
2.21	0	-2	90.0000010505524	272.4171	32.41711	152.4171	0	exit undefined	62.4171132072601	2.83714150942091
2.32	0	-2	90.0000010505524	270.0977	30.09766	150.0977	0	exit undefined	60.0976551994476	2.73171159997489
2.42	0	-2	90.0000010505524	267.7889	27.78891	147.7889	0	exit undefined	57.788908861557	2.62676858461623
2.53	0	-2	90.0000010505524	265.4963	25.49634	145.4963	0	exit undefined	55.4963368400726	2.52256076545785
2.63	0	-2	90.0000010505524	263.1908	23.19077	143.1908	0	exit undefined	53.190764330307	2.41776201501395
2.74	0	-2	90.0000010505524	260.9223	20.92233	140.9223	0	exit undefined	50.9223317131195	2.31465144150543
2.84	0	-2	90.0000010505524	258.6498	18.64984	138.6498	0	exit undefined	48.6498402580413	2.21135637536552
2.94	0	-2	90.0000010505524	256.409	16.409	136.409	0	exit undefined	46.4089955314788	2.1094997968854
3.04	0	-2	90.0000010505524	254.1524	14.15239	134.1524	0	exit undefined	44.1523884758148	2.00692674890067
3.14	0	-2	90.0000010505524	251.9286	11.92856	131.9286	0	exit undefined	41.928557299057	1.9058435135935
3.25	0	-2	90.0000010505524	249.5981	9.598053	129.5981	0	exit undefined	39.5980519279632	1.79991145127106
3.36	0	-2	90.0000010505524	247.2971	7.29715	127.2971	0	exit undefined	37.2971486076507	1.6953249367114
3.46	0	-2	90.0000010505524	245.0371	5.037094	125.0371	0	exit undefined	35.0370930656585	1.59259513934811
3.56	0	-2	90.0000010505524	242.743	2.743011	122.743	0	exit undefined	32.743010424057	1.48831865563895
3.67	0	-2	90.0000010505524	240.4326	0.4325867	120.4326	0	exit undefined	30.4325856193695	1.38329934633498
3.77	0	-2	90.0000010505524	238.1263	358.1263	118.1263	0	exit undefined	28.1263417228851	1.27847007831296
3.88	0	-2	90.0000010505524	235.8181	355.8181	115.8181	0	exit undefined	25.8180989250335	1.17354995113789
3.98	0	-2	90.0000010505524	233.5553	353.5553	113.5553	0	exit undefined	23.555266283432	1.07069392197418
4.09	0	-2	90.0000010505524	231.2141	351.2141	111.2141	0	exit undefined	21.2140797599945	0.964276352727021
4.19	0	-2	90.0000010505524	228.9439	348.9439	108.9439	0	exit undefined	18.9438771232757	0.86108532378526
4.29	0	-2	90.0000010505524	226.6635	346.6635	106.6635	0	exit undefined	16.6634663566741	0.757430288939734
4.4	0	-2	90.0000010505524	224.3644	344.3644	104.3644	0	exit undefined	14.3643788322601	0.652926310557277
4.5	0	-2	90.0000010505524	222.1046	342.1046	102.1046	0	exit undefined	12.104582689682	0.550208304076453
4.6	0	-2	90.0000010505524	219.8234	339.8234	99.82339	0	exit undefined	9.82339372483821	0.446517896583555
4.71	0	-2	90.0000010505524	217.5205	337.5205	97.52048	0	exit undefined	7.52047624436946	0.341839829289521
4.81	0	-2	90.0000010505524	215.2888	335.2888	95.28885	0	exit undefined	5.28884782640071	0.240402173927305
4.91	0	-2	90.0000010505524	213.0371	333.0371	93.03711	0	exit undefined	3.03709306565852	0.13804968480266
5.02	0	-2	90.0000010505524	210.7681	330.7681	90.7681	0	exit undefined	0.768095873275712	0.0349134487852596
5.12	0	-2	90.0000010505524	208.4304	328.4304	88.43036	0	exit undefined	118.430357836166	5.38319808346211
5.23	0	-2	90.0000010505524	206.1169	326.1169	86.11688	0	exit undefined	116.116866014877	5.2780393643126
5.33	0	-2	90.0000010505524	203.8181	323.8181	83.81808	0	exit undefined	113.818083666244	5.17354925755657
5.43	0	-2	90.0000010505524	201.6106	321.6106	81.6106	0	exit undefined	111.610594652573	5.07320884784421
5.53	0	-2	90.0000010505524	199.3812	319.3812	79.38123	0	exit undefined	109.381239794174	4.97187453609882
5.63	0	-2	90.0000010505524	197.1442	317.1442	77.14417	0	exit undefined	107.14416398851	4.870189272205
5.74	0	-2	90.0000010505524	194.8298	314.8298	74.82977	0	exit undefined	104.829756639877	4.76498893817624
5.85	0	-2	90.0000010505524	192.5045	312.5045	72.50452	0	exit undefined	102.504500292221	4.65929546782823
5.95	0	-2	90.0000010505524	190.1941	310.1941	70.19409	0	exit undefined	100.194106005112	4.55427754568689
6.06	0	-2	90.0000010505524	187.897	307.897	67.89703	0	exit undefined	97.8970478996429	4.44986581362013
6.16	0	-2	90.0000010505524	185.5379	305.5379	65.53787	0	exit undefined	95.5378712639007	4.34263051199549
6.26	0	-2	90.0000010505524	183.33	303.33	63.32996	0	exit undefined	93.3299550041351	4.24227068200614
6.37	0	-2	90.0000010505524	181.0198	301.0198	61.01984	0	exit undefined	91.0198353752288	4.13726524432858
6.47	0	-2	90.0000010505524	178.7249	298.7249	58.72488	0	exit undefined	88.7248829826507	4.03294922648412
6.57	0	-2	90.0000010505524	176.5182	296.5182	56.51825	0	exit undefined	86.5182332023773	3.93264696374442
6.68	0	-2	90.0000010505524	174.228	294.228	54.22797	0	exit undefined	84.2279499992523	3.82854318178419
6.78	0	-2	90.0000010505524	171.9979	291.9979	51.99786	0	exit undefined	81.9978627189788	3.7271755781354
6.88	0	-2	90.0000010505524	169.7627	289.7628	49.76276	0	exit undefined	79.7627400383148	3.62557909265067
6.98	0	-2	90.0000010505524	167.4631	287.4631	47.46313	0	exit undefined	77.4631184562835	3.52105083892198
7.09	0	-2	90.0000010505524	165.1617	285.1617	45.16174	0	exit undefined	75.161726854721	3.41644212976005
7.19	0	-2	90.0000010505524	162.9603	282.9603	42.9603	0	exit undefined	72.960295580307	3.31637707183213
7.3	0	-2	90.0000010505524	160.6132	280.6132	40.61322	0	exit undefined	70.6132191642913	3.20969178019506
7.4	0	-2	90.0000010505524	158.3823	278.3823	38.38226	0	exit undefined	68.3822621330413	3.10828464241097
7.5	0	-2	90.0000010505524	156.0374	276.0374	36.03745	0	exit undefined	66.037444017807	3.00170200080941
7.61	0	-2	90.0000010505524	153.7959	273.7959	33.7959	0	exit undefined	63.7958821281585	2.89981282400721
7.71	0	-2	90.0000010505524	151.5724	271.5724	31.57239	0	exit undefined	61.5723866447601	2.7987448474891
7.81	0	-2	90.0000010505524	149.2484	269.2484	29.24838	0	exit undefined	59.248381517807	2.69310825080941
7.91	0	-2	90.0000010505524	147.03	267.03	27.03003	0	exit undefined	57.0300129875335	2.59227331761516
8.02	0	-2	90.0000010505524	144.6865	264.6865	24.68652	0	exit undefined	54.6865376457366	2.48575171116985
8.12	0	-2	90.0000010505524	142.4548	262.4548	22.45477	0	exit undefined	52.4547718986663	2.38430781357574
8.22	0	-2	90.0000010505524	140.2025	260.2025	20.20251	0	exit undefined	50.2025288566741	2.28193312984883
8.32	0	-2	90.0000010505524	137.9628	257.9628	17.96283	0	exit undefined	47.9628285392913	2.18012856996779
8.43	0	-2	90.0000010505524	135.6281	255.6281	15.62808	0	exit undefined	45.6280812248382	2.0740036920381
8.53	0	-2	90.0000010505524	133.3677	253.3677	13.36772	0	exit undefined	43.3677205070648	1.9712600230484
8.63	0	-2	90.0000010505524	131.1381	251.1381	11.13812	0	exit undefined	41.1381215080413	1.86991461400188
8.74	0	-2	90.0000010505524	128.7989	248.7989	8.798859	0	exit undefined	38.7988575920257	1.76358443600117
8.85	0	-2	90.0000010505524	126.4928	246.4928	6.492783	0	exit undefined	36.492781542221	1.65876279737368
8.95	0	-2	90.0000010505524	124.1641	244.1641	4.164093	0	exit undefined	34.1640843376312	1.55291292443778
9.06	0	-2	90.0000010505524	121.8851	241.8851	1.885071	0	exit undefined	31.8850697502288	1.44932135228313
9.16	0	-2	90.0000010505524	119.562	239.562	359.562	0	exit undefined	29.5619725212249	1.34372602369204
9.27	0	-2	90.0000010505524	117.2465	237.2465	357.2465	0	exit undefined	27.2464665397796	1.23847575180816
9.37	0	-2	90.0000010505524	114.9264	234.9264	354.9264	0	exit undefined	24.9263905510101	1.13301775231864
9.48	0	-2	90.0000010505524	112.6018	232.6018	352.6018	0	exit undefined	22.6017903312835	1.02735410596743
9.58	0	-2	90.0000010505524	110.4006	230.4005	350.4005	0	exit undefined	20.4005497917327	0.927297717806034
9.68	0	-2	90.0000010505524	108.1144	228.1144	348.1144	0	exit undefined	18.1144474968109	0.823383977127767
9.79	0	-2	90.0000010505524	105.811	225.811	345.811	0	exit undefined	15.8110035881195	0.718681981278157
9.89	0	-2	90.0000010505524	103.4977	223.4977	343.4977	0	exit undefined	13.4977177604827	0.613532625476488
10	0	-2	90.0000010505524	101.208	221.208	341.208	0	exit undefined	11.2080296501312	0.509455893187781
10.1	0	-2	90.0000010505524	98.86311	218.8631	338.8631	0	exit undefined	8.8631123527679	0.402868743307632
10.21	0	-2	90.0000010505524	96.56528	216.5653	336.5653	0	exit undefined	6.56527604905696	0.298421638593498
10.31	0	-2	90.0000010505524	94.35425	214.3542	334.3542	0	exit undefined	4.35424699632259	0.197920318014663
10.42	0	-2	90.0000010505524	91.85855	211.8586	331.8586	0	exit undefined	1.85854997483821	0.0844795443108278
10.52	0	-2	90.0000010505524	89.56385	209.5638	329.5638	0	exit undefined	119.56384935228	5.43472042510362
10.63	0	-2	90.0000010505524	87.24434	207.2443	327.2443	0	exit undefined	117.244337938705	5.32928808812297
10.74	0	-2	90.0000010505524	84.93542	204.9354	324.9354	0	exit undefined	114.935423754135	5.22433744336978
10.84	0	-2	90.0000010505524	82.64242	202.6424	322.6424	0	exit undefined	112.642416857162	5.12010985714375
10.95	0	-2	90.0000010505524	80.31772	200.3177	320.3177	0	exit undefined	110.317717455307	5.01444170251395
11.05	0	-2	90.0000010505524	77.98982	197.9898	317.9898	0	exit undefined	107.989821337143	4.9086282425974
11.16	0	-2	90.0000010505524	75.67197	195.672	315.672	0	exit undefined	105.671965502182	4.80327115919009
11.26	0	-2	90.0000010505524	73.37036	193.3704	313.3704	0	exit undefined	103.370360277573	4.69865273988966
11.36	0	-2	90.0000010505524	71.08132	191.0813	311.0813	0	exit undefined	101.081320665756	4.5946054848071
11.47	0	-2	90.0000010505524	68.75628	188.7563	308.7563	0	exit undefined	98.7562779411468	4.48892172459758
11.58	0	-2	90.0000010505524	66.42212	186.4221	306.4221	0	exit undefined	96.4221180900726	4.38282354954875
11.68	0	-2	90.0000010505524	64.11432	184.1143	304.1143	0	exit undefined	94.1143177971038	4.27792353623199
11.78	0	-2	90.0000010505524	61.90434	181.9043	301.9044	0	exit undefined	91.9043416008147	4.17747007276431
11.89	0	-2	90.0000010505524	59.60198	179.602	299.602	0	exit undefined	89.6019772514495	4.07281714779316
11.99	0	-2	90.0000010505524	57.23578	177.2358	297.2358	0	exit undefined	87.2357815727386	3.96526279876084
12.1	-0.02050927	-1.859371	90.6319602737877	54.85805	174.858	294.858	0	exit undefined	84.2260910262611	3.82845868301187
12.22	-0.02063132	-1.86129	90.6350653664378	52.22482	172.2248	292.2248	0	exit undefined	81.5897576316091	3.70862534689132
12.35	-0.02480105	-1.864854	90.7619436111586	49.38391	169.3839	289.3839	0	exit undefined	78.6219675216539	3.57372579643881
12.46	-0.02500568	-1.865159	90.7681041041132	47.05021	167.0502	287.0502	0	exit undefined	76.2821087559942	3.46736857981792
12.57	-0.02560204	-1.867012	90.7856395222084	44.60802	164.608	284.608	0	exit undefined	73.8223774455651	3.35556261116205
12.68	-0.02278432	-1.861207	90.701363341924	42.04523	162.0452	282.0452	0	exit undefined	71.3438713382518	3.24290324264781
12.79	-0.02193649	-1.858807	90.6761392976218	39.71289	159.7129	279.7129	0	exit undefined	69.0367551420755	3.1380343246398
12.89	-0.01989605	-1.855025	90.6145028486042	37.46755	157.4675	277.4675	0	exit undefined	66.8530455217572	3.03877479644351
13	-0.01373823	-1.858144	90.4236108846639	35.05428	155.0543	275.0543	0	exit undefined	64.6306646280315	2.93775748309234
13.11	-0.01212764	-1.860146	90.3735484829078	32.64713	152.6471	272.6471	0	exit undefined	62.2735767612328	2.83061712551058
13.22	-0.01590717	-1.858241	90.4904603893501	30.16589	150.1659	270.1659	0	exit undefined	59.6754255359429	2.71251934254286
13.34	-0.01394852	-1.859818	90.4297076864436	27.72103	147.721	267.721	0	exit undefined	57.2913235025212	2.60415106829642
13.45	0.5739838	-1.528635	69.4194539134595	25.27456	145.2746	265.2746	0	exit undefined	75.8551089222338	3.44795949646517
13.56	-0.06676594	-2.024606	91.8887743888154	22.77484	142.7748	262.7748	0	13.56059	50.8860669197783	2.31300304180811
13.67	-0.06601385	-2.015533	91.8759133106053	20.35322	140.3532	260.3532	0	13.56059	48.4773085827053	2.2035140264866
13.78	-0.06604988	-2.003257	91.8884306764948	17.87023	137.8702	257.8702	0	13.56059	45.9817990445745	2.09008177475339
13.9	-0.06995083	-1.987168	92.016052906716	15.41208	135.4121	255.4121	13.89527	exit undefined	43.3960316727518	1.97254689421599
14.01	-0.07722995	-1.968041	92.2472511659591	12.95984	132.9598	252.9598	13.89527	exit undefined	40.7125896085771	1.85057225493532
14.12	-0.08355257	-1.952507	92.4503332090898	10.50234	130.5023	250.5023	13.89527	exit undefined	38.0520071076827	1.72963668671285
14.23	-0.08983164	-1.941174	92.6495854784992	8.042074	128.0421	248.0421	13.89527	exit undefined	35.392488724992	1.60874948749964
14.34	-0.09617192	-1.931417	92.8506009148827	5.559968	125.56	245.56	13.89527	exit undefined	32.7093675566443	1.48678943439292
14.45	-0.1006007	-1.925552	92.9907065467774	3.132463	123.1325	243.1325	13.89527	exit undefined	30.1417561931671	1.37007982696214
14.57	-0.1040332	-1.923441	93.0959409837966	0.6051244	120.6051	240.6051	13.89527	exit undefined	27.5091834301705	1.25041742864412
14.68	-0.1040937	-1.923496	93.097649124716	358.2293	118.2293	238.2293	13.89527	exit undefined	25.1316599573153	1.14234817987797
14.78	-0.1035647	-1.924766	93.0799099487935	355.8446	115.8446	235.8446	13.89527	exit undefined	22.7647250609721	1.03476023004419
14.9	-0.1034412	-1.927241	93.0723023800768	353.39	113.39	233.39	13.89527	exit undefined	20.3177122683607	0.923532375834578
15.01	-0.1069037	-1.929084	93.1719071386451	350.9358	110.9358	230.9358	13.89527	exit undefined	17.7638533594018	0.807447879972807
15.12	-0.1133589	-1.933679	93.3550345203867	348.4886	108.4886	228.4886	13.89527	exit undefined	15.1335213878164	0.687887335809837
15.23	-0.1248663	-1.935373	93.6914917641415	346.0042	106.0042	226.0042	13.89527	exit undefined	12.3126891440616	0.559667688366437
15.34	-0.137954	-1.939214	94.0691193361253	343.5721	103.5721	223.5721	13.89527	exit undefined	9.50296318340597	0.431952871972999
15.45	-0.1572111	-1.936042	94.6423670856316	341.1209	101.1209	221.1209	13.89527	exit undefined	6.47851304132155	0.294477865514616
15.57	-0.1797219	-1.92975	95.320733972681	338.6514	98.65143	218.6514	13.89527	exit undefined	3.33069424997529	0.151395193180695
15.68	-0.1999456	-1.917062	95.9543045719854	336.186	96.18597	216.186	13.89527	exit undefined	0.231669549108403	0.010530434050382
15.78	-0.2202472	-1.900632	96.6100128561748	333.9521	93.95212	213.9521	13.89527	exit undefined	117.342105063747	5.33373204835214
15.89	-0.2466233	-1.878023	97.4813129438463	331.5986	91.59857	211.5986	13.89527	exit undefined	114.117258833497	5.18714812879534
16	-0.2768277	-1.856761	98.4798657529993	329.1189	89.11893	209.1189	13.89527	exit undefined	110.639061248954	5.02904823858881
16.11	-0.3000777	-1.835097	99.2868972999832	326.6791	86.67914	206.6791	13.89527	exit undefined	107.392240883611	4.88146549470957
16.22	-0.3115551	-1.816589	99.731861265956	324.2306	84.23056	204.2306	13.89527	exit undefined	104.498699036778	4.74994086530811
16.33	-0.3204085	-1.801627	100.084274170894	321.7591	81.75906	201.7591	13.89527	exit undefined	101.674789549809	4.62158134317314
16.45	-0.3258968	-1.790001	100.318542899345	319.2953	79.29526	199.2953	13.89527	exit undefined	98.9767146690143	4.49894157586429
16.56	-0.3285638	-1.7783	100.468081036809	316.8491	76.84909	196.8491	13.89527	exit undefined	96.381009539363	4.38095497906195
16.67	-0.329818	-1.769663	100.557283581217	314.4111	74.41107	194.4111	13.89527	exit undefined	93.8537881961268	4.26608128164213
16.78	-0.3320528	-1.763206	100.665221357705	311.9393	71.93933	191.9393	13.89527	exit undefined	91.2741096969826	4.14882316804466
16.89	-0.3327035	-1.759202	100.709399269768	309.4984	69.49835	189.4984	13.89527	exit undefined	88.7889527810134	4.03586149004606
17	-0.3349928	-1.756895	100.795191238125	307.0338	67.03375	187.0338	13.89527	exit undefined	86.2385612032809	3.91993460014913
17.12	-0.3332899	-1.755051	100.75261485032	304.5617	64.56174	184.5617	13.89527	exit undefined	83.8091222102264	3.80950555501029
17.23	-0.3327419	-1.752461	100.750844063474	302.1283	62.12827	182.1283	13.89527	exit undefined	81.3774213173853	3.69897369624478
17.34	-0.3319484	-1.752125	100.727811506573	299.6862	59.68616	179.6862	13.89527	exit undefined	78.9583457199892	3.58901571454496
17.45	-0.3313626	-1.753229	100.702732581485	297.2363	57.2363	177.2363	13.89527	exit undefined	76.5335650259372	3.47879841026987
17.56	-0.3320746	-1.753286	100.724853338166	294.7784	54.77844	174.7784	13.89527	exit undefined	74.0535890446465	3.36607222930211
17.67	-0.3321795	-1.753142	100.72902186797	292.3406	52.34061	172.3406	13.89527	exit undefined	71.6115848214828	3.25507203734013
17.8	-0.3297001	-1.752061	100.657205685097	289.5913	49.59128	169.5913	13.89527	exit undefined	68.9340723910744	3.13336692686702
17.91	-0.3269548	-1.751081	100.576254677141	287.1539	47.15387	167.1539	13.89527	exit undefined	66.5776149517655	3.02625522508025
18.02	-0.3250068	-1.751424	100.512636368951	284.6938	44.69382	164.6938	13.89527	exit undefined	64.1811807697206	2.91732639862366
18.13	-0.323959	-1.752479	100.473330598726	282.2679	42.26794	162.2679	13.89527	exit undefined	61.7946137372111	2.80884607896414
18.24	-0.3243746	-1.754216	100.476315687211	279.7949	39.79486	159.7949	13.89527	exit undefined	59.3185451526325	2.69629750693784
18.35	-0.3254492	-1.756022	100.499676386962	277.3504	37.3504	157.3504	13.89527	exit undefined	56.8507264450696	2.58412392932134
18.46	-0.3269812	-1.755366	100.551852746456	274.8855	34.88547	154.8855	13.89527	exit undefined	54.3336147828408	2.4697097628564
18.58	-0.3298562	-1.754706	100.646430025495	272.436	32.43597	152.436	13.89527	exit undefined	51.7895440955989	2.35407018616359
18.69	-0.3309108	-1.753407	100.687415502381	269.9604	29.96036	149.9604	13.89527	exit undefined	49.2729421636351	2.23967918925614
18.8	-0.3304411	-1.752474	100.678145293047	267.5216	27.52164	147.5216	13.89527	exit undefined	46.8434916698437	2.12924962135653
18.91	-0.3301719	-1.752904	100.66708885413	265.0838	25.08383	145.0838	13.89527	exit undefined	44.4167429329793	2.01894286058997
19.02	-0.3263038	-1.756278	100.525134783993	262.6151	22.61505	142.6151	13.89527	exit undefined	42.0899164855385	1.91317802206993
19.13	-0.3168727	-1.763746	100.185048582832	260.174	20.17398	140.174	13.89527	exit undefined	39.9889321300584	1.81767873318447
19.25	-0.3023258	-1.773678	99.6731756550744	257.7143	17.71429	137.7143	13.89527	exit undefined	38.0411187785193	1.72914176265997
19.36	-0.2808939	-1.786548	98.9353023654661	255.2805	15.28046	135.2805	13.89527	exit undefined	36.3451541775026	1.65205246261376
19.47	-0.2481339	-1.810082	97.8057022654466	252.8018	12.80177	132.8018	13.89527	exit undefined	34.9960708058425	1.59073049117466
19.58	-0.2069424	-1.845793	96.397046034642	250.3473	10.34732	130.3473	13.89527	exit undefined	33.9502745219986	1.54319429645448
19.69	-0.1649321	-1.891708	94.982840856915	247.9252	7.925201	127.9252	13.89527	exit undefined	32.9423605591007	1.49738002541367
19.8	-0.130955	-1.935726	93.8702564295106	245.4566	5.456573	125.4566	13.89527	exit undefined	31.5863170568175	1.4357416844008
19.91	-0.1089337	-1.976486	93.1546563110904	243.03	3.029968	123.03	13.89527	exit undefined	29.8753119506283	1.35796872502856
20.02	-0.09984769	-2.005391	92.8503838152357	240.5648	0.5648193	120.5648	13.89527	20.02469	27.7144355207018	1.25974706912281
20.14	-0.09856296	-2.02438	92.7874157990764	238.111	358.111	118.111	13.89527	20.02469	25.3236071501424	1.1510730522792
20.25	-0.1013229	-2.034937	92.8505000386932	235.6463	355.6463	115.6463	13.89527	20.02469	22.795801230838	1.03617278321991
20.36	-0.1073577	-2.038771	93.0143012111983	233.2067	353.2067	113.2067	13.89527	20.02469	20.1923638278643	0.917834719448375
20.47	-0.1171455	-2.036377	93.2923949054803	230.7383	350.7383	110.7383	13.89527	20.02469	17.4459321208869	0.792996914585766
20.58	-0.1345748	-2.031247	93.7904373366535	228.263	348.2629	108.2629	13.89527	20.02469	14.4725173752606	0.65784169887548
20.7	-0.1508096	-2.019695	94.2703239612059	225.7538	345.7538	105.7538	13.89527	20.02469	11.4835212536379	0.521978238801722
20.81	-0.1674718	-2.003733	94.7776712995401	223.3625	343.3625	103.3625	13.89527	20.02469	8.58484701100673	0.390220318682124
20.92	-0.1842182	-1.986814	95.2973431259782	220.8453	340.8453	100.8453	20.92103	exit undefined	5.54799378808434	0.252181535822015
21.03	-0.2017451	-1.977745	95.8244612287977	218.5018	338.5018	98.50183	20.92103	exit undefined	2.6773850846789	0.121699322030859
21.14	-0.2178596	-1.97363	96.2991081027088	216.0751	336.0751	96.07513	20.92103	exit undefined	119.776010915846	5.44436413253845
21.24	-0.2289778	-1.971988	96.6232528860194	213.7264	333.7264	93.72644	20.92103	exit undefined	117.103172284879	5.3228714674945
21.36	-0.2339002	-1.97219	96.7636400973284	211.2901	331.2901	91.29007	20.92103	exit undefined	114.52642948275	5.20574679467044
21.47	-0.2363031	-1.973542	96.8278364987791	208.8732	328.8732	88.87323	20.92103	exit undefined	112.045378222901	5.09297173740457
21.57	-0.23783	-1.97625	96.8622062516329	206.61	326.61	86.61002	20.92103	exit undefined	109.747809617508	4.98853680079581
21.68	-0.2381334	-1.979811	96.8586379298188	204.2526	324.2526	84.25259	20.92103	exit undefined	107.393956064322	4.88154345746918
21.79	-0.2381798	-1.983984	96.845668038686	201.8169	321.8169	81.81689	20.92103	exit undefined	104.971211233775	4.77141869244431
21.9	-0.2372787	-1.988026	96.8062787883892	199.3516	319.3516	79.35156	20.92103	21.89802	102.5452989704	4.66114995319999
22.01	-0.235473	-1.991038	96.7448386365709	196.904	316.904	76.90396	20.92103	21.89802	100.15912254507	4.55268738841226
22.12	-0.233422	-1.993116	96.6797189269838	194.4602	314.4602	74.46021	20.92103	21.89802	97.7805014099303	4.44456824590592
22.22	-0.2314418	-1.99383	96.6212058819169	192.2336	312.2336	72.23358	20.92103	21.89802	95.6123909198409	4.34601776908368
22.33	-0.229391	-1.993811	96.5631138618155	189.8578	309.8578	69.85779	20.92103	21.89802	93.2946894829111	4.24066770376869
22.44	-0.2279053	-1.993062	96.5233999754313	187.4197	307.4197	67.41968	20.92103	21.89802	90.8962777589437	4.13164898904289
22.55	-0.227465	-1.991724	96.5152416460087	184.9523	304.9523	64.95233	20.92103	21.89802	88.43708989696	4.01986772258909
22.66	-0.2283387	-1.989827	96.5462329267669	182.5255	302.5255	62.52554	20.92103	21.89802	85.9793102861237	3.90815046755108
22.77	-0.2298135	-1.98776	96.5949341251937	180.0675	300.0675	60.0675	20.92103	21.89802	83.4725860164078	3.79420845529126
22.89	-0.2318567	-1.986307	96.6578687083156	177.6149	297.6149	57.61493	22.88605	exit undefined	80.9570604909031	3.67986638595014
23	-0.2339547	-1.985233	96.7211628747359	175.1481	295.1481	55.14813	22.88605	exit undefined	78.4269541906938	3.56486155412244
23.11	-0.23602	-1.984151	96.7836114057669	172.7251	292.7251	52.72507	22.88605	exit undefined	75.941455732905	3.45188435149568
23.22	-0.2377105	-1.983109	96.835295875131	170.2755	290.2755	50.27551	22.88605	exit undefined	73.4402168201815	3.33819167364461
23.33	-0.2390552	-1.982575	96.875427154122	167.8176	287.8176	47.81757	22.88605	exit undefined	70.9421540226358	3.22464336466526
23.44	-0.2402213	-1.98285	96.9076929977703	165.3391	285.3391	45.33911	22.88605	exit undefined	68.4314030715656	3.1105183214348
23.56	-0.2414967	-1.983316	96.9423948034446	162.8464	282.8464	42.84637	22.88605	exit undefined	65.9039949670632	2.99563613486651
23.67	-0.2426205	-1.983719	96.9729788845073	160.4094	280.4094	40.40942	22.88605	exit undefined	63.4364449436177	2.88347477016444
23.78	-0.2431161	-1.983147	96.9890791537707	157.9777	277.9777	37.97769	22.88605	exit undefined	60.9886124966199	2.77220965893727
23.89	-0.2441441	-1.981494	97.024135409084	155.5484	275.5485	35.54846	22.88605	exit undefined	58.5243112461894	2.66019596573588
24	-0.2458296	-1.980008	97.0773918279881	153.0722	273.0722	33.0722	22.88605	exit undefined	55.9947975030666	2.54521806832121
24.11	-0.2467889	-1.978368	97.110555464066	150.6241	270.6241	30.62408	22.88605	exit undefined	53.5135442673793	2.43243383033542
24.23	-0.2470702	-1.976317	97.1258903120074	148.1483	268.1483	28.14832	22.88605	exit undefined	51.0224403764691	2.31920183529405
24.34	-0.2471668	-1.974224	97.1361282255204	145.7003	265.7003	25.70026	22.88605	exit undefined	48.5641433809249	2.20746106276932
24.45	-0.2465622	-1.972433	97.1252472009313	143.2677	263.2676	23.26764	22.88605	exit undefined	46.142407218014	2.09738214627337
24.56	-0.2446938	-1.970315	97.0793270530336	140.7999	260.7999	20.79993	22.88605	exit undefined	43.7205997047789	1.98729998658086
24.67	-0.2421642	-1.968233	97.0142143305838	138.3636	258.3636	18.36365	22.88605	exit undefined	41.3494331303537	1.87951968774335
24.78	-0.2392553	-1.966748	96.9359658901281	135.8947	255.8947	15.89468	22.88605	exit undefined	38.9587179477625	1.77085081580739
24.9	-0.2362116	-1.965361	96.8533590926298	133.3858	253.3858	13.38583	22.88605	exit undefined	36.5324746476046	1.66056702943657
25.01	-0.2330951	-1.965216	96.7642763431766	130.9764	250.9764	10.97639	22.88605	exit undefined	34.2121183101437	1.55509628682471
25.12	-0.2301031	-1.965523	96.6772067788103	128.5127	248.5127	8.512695	22.88605	exit undefined	31.8354885336897	1.44706766062226
25.23	-0.2268686	-1.96602	96.5825237764776	126.0775	246.0775	6.077454	22.88605	exit undefined	29.4949298368037	1.34067862894562
25.34	0.005228003	-1.990361	89.849504815978	123.5814	243.5815	3.581451	22.88605	exit undefined	33.7319389706431	1.53326995321105
25.46	0.007054474	-1.988533	89.7967406689818	121.0892	241.0892	1.089188	22.88605	exit undefined	31.2924469530885	1.42238395241311
25.57	0.008172583	-1.987932	89.7644538470698	118.6644	238.6644	358.6644	22.88605	exit undefined	28.8999901226568	1.31363591466622
25.67	0.009224449	-1.988046	89.7341530022853	116.3217	236.3217	356.3217	22.88605	exit undefined	26.5875861944921	1.20852664520419
25.78	0.01060914	-1.989267	89.6944346408817	113.8835	233.8835	353.8835	22.88605	exit undefined	24.1890721340207	1.09950327881912
25.89	0.01165969	-1.98982	89.6642703151338	111.4296	231.4296	351.4296	22.88605	exit undefined	21.7652874851592	0.989331249325418
26.01	0.01270649	-1.989017	89.6339817400127	108.9784	228.9784	348.9784	22.88605	exit undefined	19.3444423322529	0.879292833284222
26.13	0.01332112	-1.98636	89.6157642357351	106.298	226.298	346.298	22.88605	exit undefined	16.6822628028391	0.758284672856322
26.23	0.01119275	-1.977298	89.6756742810781	104.0696	224.0696	344.0696	22.88605	exit undefined	14.3939363146251	0.654269832482958
26.34	0.01047504	-1.968321	89.6950863746519	101.6172	221.6172	341.6172	22.88605	exit undefined	11.92207060777	0.541912300353181
26.45	0.01334004	-1.950085	89.6080610547686	99.18764	219.1877	339.1877	22.88605	exit undefined	9.57958390372747	0.435435631987612
26.56	0.0177588	-1.925922	89.471695270312	96.71845	216.7184	336.7184	22.88605	exit undefined	7.24675718330128	0.329398053786422
26.67	0.02326079	-1.89235	89.2957560945542	94.2903	214.2903	334.2903	22.88605	exit undefined	4.99454236735988	0.227024653061813
26.79	0.03323186	-1.847228	88.9693538325898	91.81627	211.8163	331.8163	22.88605	exit undefined	2.84691508830859	0.129405231286754
26.9	0.0484683	-1.797303	88.4552667415578	89.36589	209.3659	329.3659	22.88605	exit undefined	0.910623761371909	0.0413919891532686
27.01	0.07038981	-1.742481	87.6867209520204	86.93645	206.9365	326.9365	22.88605	exit undefined	119.249733820929	5.42044244640586
27.12	0.09919252	-1.680417	86.6218369514461	84.45641	204.4564	324.4564	22.88605	exit undefined	117.834576317597	5.35611710534531
27.23	0.1265652	-1.626039	85.5492706399019	82.03149	202.0315	322.0315	22.88605	exit undefined	116.482223500723	5.29464652276014
27.34	0.1462403	-1.583088	84.7221897553942	79.56505	199.565	319.5651	22.88605	exit undefined	114.842858462379	5.22012993010815
27.45	0.1625974	-1.550298	84.012630819664	77.10145	197.1014	317.1014	22.88605	exit undefined	113.088817239418	5.14040078360991
27.57	0.1766675	-1.518352	83.3632075737248	74.64706	194.6471	314.6471	22.88605	exit undefined	111.283849005865	5.05835677299387
27.68	0.1858184	-1.482226	82.8544264976276	72.19453	192.1945	312.1945	22.88605	exit undefined	109.340100174736	4.97000455339708
27.79	0.1894411	-1.443497	82.5233675784663	69.75985	189.7599	309.7599	22.88605	exit undefined	107.236481969874	4.87438554408516
27.9	0.1901066	-1.399334	82.2634403706937	67.29249	187.2925	307.2925	22.88605	exit undefined	105.029047727451	4.77404762397504
28.01	0.184609	-1.344448	82.1814878642838	64.84898	184.849	304.849	22.88605	exit undefined	102.66748827097	4.66670401231682
28.12	0.1735186	-1.277962	82.267804525803	62.38316	182.3832	302.3832	22.88605	exit undefined	100.115358926345	4.5506981330157
28.24	0.1617672	-1.197547	82.30693085609	59.93441	179.9344	299.9344	22.88605	exit undefined	97.6274754244276	4.43761251929216
28.35	0.1580998	-1.114157	81.9236014178181	57.48684	177.4868	297.4868	22.88605	exit undefined	95.5632378766155	4.34378353984616
28.46	0.1578226	-1.045431	81.4152211373061	55.01874	175.0187	295.0187	22.88605	exit undefined	93.6035204703599	4.25470547592545
28.57	0.1584495	-0.9852448	80.8637826138945	52.58088	172.5809	292.5809	22.88605	exit undefined	91.7171004122285	4.16895910964675
28.68	0.1564749	-0.930071	80.4500075146043	50.09579	170.0958	290.0958	22.88605	exit undefined	89.6457833484329	4.07480833401968
28.79	0.1527854	-0.8817276	80.1694247127652	47.66162	167.6616	287.6616	22.88605	exit undefined	87.4921963809848	3.97691801731749
28.91	0.1530976	-0.8212084	79.4396030038677	45.1916	165.1916	285.1916	22.88605	exit undefined	85.7520016103901	3.89781825501773
29.02	0.1537599	-0.7487193	78.3948678703116	42.7354	162.7354	282.7354	22.88605	exit undefined	84.3405370979501	3.83366077717955
29.13	0.1588486	-0.6774207	76.8031275624951	40.29805	160.298	280.298	22.88605	exit undefined	83.4949185495655	3.79522357043479
29.24	0.1568289	-0.6258184	75.9315129797894	37.83681	157.8368	277.8368	22.88605	exit undefined	81.9053019005817	3.72296826820826
29.35	0.1556562	-0.5905029	75.2327835343942	35.39325	155.3932	275.3932	22.88605	exit undefined	80.1604659773245	3.64365754442384
29.46	0.1570504	-0.5617913	74.3815104603701	32.91771	152.9177	272.9177	22.88605	exit undefined	78.5361988902159	3.56982722228254
29.58	0.1643978	-0.5371168	72.9819812718471	30.45119	150.4512	270.4512	22.88605	exit undefined	77.4692115839879	3.52132779927218
29.69	0.1728587	-0.511016	71.3111322163945	28.01076	148.0108	268.0107	22.88605	exit undefined	76.6996309519405	3.48634686145184
29.8	0.180235	-0.4823785	69.5123935522655	25.55415	145.5542	265.5541	22.88605	exit undefined	76.0417541680714	3.45644337127597
29.91	0.1779352	-0.4497412	68.4143098721859	23.13513	143.1351	263.1351	22.88605	exit undefined	74.7208238711002	3.39640108505001
30.02	0.1792147	-0.4068516	66.2269146527848	20.66752	140.6675	260.6675	22.88605	exit undefined	74.4406077776351	3.38366398989251
30.13	0.1816286	-0.3681922	63.7429573694931	18.19751	138.1975	258.1975	22.88605	exit undefined	74.4545504887832	3.38429774949015
30.24	0.1884475	-0.3442863	61.3056047664459	15.75744	135.7574	255.7574	22.88605	exit undefined	74.4518329395478	3.3841742245249
30.36	0.1967566	-0.3248757	58.7993695529923	13.28457	133.2846	253.2846	22.88605	exit undefined	74.4852020946518	3.38569100430235
30.47	0.2034779	-0.3112074	56.8219857226593	10.86913	130.8691	250.8691	22.88605	exit undefined	74.047140597226	3.36577911805573
30.57	0.2136336	-0.2951155	54.0992804719623	8.462522	128.4625	248.4625	22.88605	exit undefined	74.3632410810772	3.38014732186715
30.69	0.2247681	-0.2787861	51.1228924422981	6.029202	126.0292	246.0292	22.88605	exit undefined	74.9063095421075	3.40483225191398
30.8	0.2363664	-0.2622148	47.9677815758861	3.591118	123.5911	243.5911	22.88605	exit undefined	75.6233365214192	3.43742438733723
30.91	0.2528221	-0.2480588	44.4551457094097	1.132015	121.132	241.132	22.88605	exit undefined	76.6768690420247	3.48531222918294
31.02	0.2710161	-0.2362388	41.0779524045819	358.6858	118.6858	238.6858	22.88605	exit undefined	77.6078080934649	3.52762764061204
31.13	0.2875255	-0.2254149	38.0958113074199	356.228	116.228	236.228	22.88605	exit undefined	78.1322160363301	3.55146436528773
31.24	0.3032076	-0.2169268	35.5814396260548	353.7931	113.7931	233.7931	22.88605	exit undefined	78.2116817118359	3.55507644144708
31.35	0.3150762	-0.2135261	34.1253676148366	351.3478	111.3478	231.3478	22.88605	exit undefined	77.2224107054759	3.51010957752163
31.47	0.3229641	-0.2130827	33.4157133685997	348.8686	108.8686	228.8686	22.88605	exit undefined	75.4529084575722	3.42967765716237
31.58	0.3277144	-0.2115889	32.8483152276091	346.4036	106.4036	226.4036	22.88605	exit undefined	73.5553102606722	3.34342319366692
31.69	0.3312128	-0.2053477	31.7983770923058	343.9582	103.9582	223.9582	22.88605	exit undefined	72.1598138256629	3.27999153753013
31.8	0.3359336	-0.1899004	29.4791062466709	341.4738	101.4738	221.4738	22.88605	exit undefined	71.9947096712978	3.27248680324081
31.91	0.3453119	-0.1709114	26.3330181493814	339.0493	99.04935	219.0493	22.88605	exit undefined	72.7163287744467	3.30528767156576
32.02	0.3614724	-0.1560585	23.3513178674985	336.5797	96.57971	216.5797	22.88605	exit undefined	73.228394046564	3.32856336575291
32.14	0.370572	-0.1360161	20.1553452908025	334.114	94.11395	214.114	22.88605	exit undefined	73.9586073459162	3.36175487935983
32.25	0.3791143	-0.1101975	16.2076186593286	331.6534	91.65344	211.6534	22.88605	exit undefined	75.4458237234838	3.42935562379472
32.36	0.3847429	-0.08977711	13.1345551770614	329.2003	89.20026	209.2003	22.88605	exit undefined	76.0657011705948	3.45753187139067
32.47	0.395137	-0.07007599	10.0566173014656	326.7452	86.74521	206.7452	22.88605	exit undefined	76.6885914387688	3.48584506539858
32.59	0.4130426	-0.05126917	7.0756836621759	324.2261	84.22614	204.2261	22.88605	exit undefined	77.1504515917304	3.50683870871502
32.69	0.4375532	-0.0328362	4.2917200403112	321.8391	81.83911	201.8391	22.88605	exit undefined	77.5473912878138	3.52488142217336
32.81	0.4582213	-0.01106918	1.38381580455909	319.3832	79.38318	199.3832	22.88605	exit undefined	77.9993629063784	3.54542558665356
32.92	0.4780232	0.01807213	357.834909011102	316.9348	76.93484	196.9348	22.88605	exit undefined	79.0999359596009	3.59545163452732
33.03	0.4981141	0.050493	354.211793309942	314.4939	74.4939	194.4939	22.88605	exit undefined	80.2821031744329	3.64918650792877
33.14	0.5083627	0.08021617	351.033050535272	312.0197	72.01968	192.0197	22.88605	exit undefined	80.9866333026183	3.68121060466447
33.25	0.5148798	0.1102517	347.913724040366	309.5635	69.56348	189.5635	22.88605	exit undefined	81.6497525221343	3.71135238736974
33.36	0.5177094	0.1327283	345.620440235619	307.1193	67.11932	187.1193	22.88605	exit undefined	81.49888349485	3.70449470431136
33.47	0.5141494	0.1543543	343.289560731851	304.6784	64.67841	184.6784	22.88605	exit undefined	81.388845029868	3.69949295590309
33.59	0.5031813	0.1753376	340.788700681862	302.2112	62.21124	182.2112	22.88605	exit undefined	81.4225419939196	3.70102463608725
33.7	0.4875568	0.1936243	338.340402419414	299.7667	59.76669	179.7667	22.88605	exit undefined	81.42629069582	3.70119503162818
33.81	0.468736	0.2121313	335.650382843603	297.3215	57.32153	177.3215	22.88605	exit undefined	81.6711503595217	3.7123250163419
33.92	0.442554	0.2324812	332.286279934519	294.8743	54.87433	174.8743	22.88605	exit undefined	82.5880486787622	3.75400221267101
34.03	0.4150966	0.2564332	328.293569759729	292.4361	52.43613	172.4361	22.88605	exit undefined	84.142556949255	3.82466167951159
34.14	0.3822758	0.2797418	323.804085661671	289.9561	49.95605	169.9561	22.88605	exit undefined	86.1519690258286	3.91599859208312
34.26	0.3530814	0.303201	319.346380614937	287.4964	47.4964	167.4964	22.88605	exit undefined	88.1500183108442	4.00681901412928
34.37	0.3315352	0.3319817	314.961451327734	285.0607	45.06073	165.0607	22.88605	exit undefined	90.0992786527346	4.09542175694248
34.48	0.3138598	0.3557832	311.417638277806	282.5911	42.59106	162.5911	22.88605	exit undefined	91.173426175319	4.14424664433268
34.59	0.3001065	0.3745453	308.703644924247	280.1547	40.15466	160.1547	22.88605	exit undefined	91.4510181616902	4.15686446189501
34.7	0.2841369	0.3949692	305.73085733262	277.7025	37.70255	157.7025	22.88605	exit undefined	91.9716878333955	4.18053126515434
34.81	0.2686462	0.4130478	303.039965262549	275.238	35.23804	155.238	22.88605	exit undefined	92.1980718468261	4.19082144758301
34.92	0.2537448	0.428508	300.632263231104	272.7725	32.77246	152.7725	22.88605	exit undefined	92.1401977063958	4.18819080483617
35.02	0.2426413	0.4425805	298.733415996563	270.5721	30.57208	150.5721	22.88605	exit undefined	91.838666522968	4.17448484195309
35.12	0.2306271	0.4583554	296.709805113049	268.3673	28.36731	148.3673	22.88605	exit undefined	91.6575044572639	4.1662502026029
35.23	0.2173634	0.472086	294.722850373491	266.1535	26.1535	146.1535	22.88605	exit undefined	91.4306530444774	4.15593877474897
35.34	0.197831	0.4771099	292.521068484573	263.7157	23.71573	143.7157	22.88605	exit undefined	91.194660275193	4.14521183069059
35.45	0.1819242	0.4783611	290.822170259964	261.2614	21.26135	141.2614	22.88605	exit undefined	90.4391822790982	4.11087192177719
35.56	0.1719997	0.4766572	289.841763866656	258.7733	18.77335	138.7733	22.88605	exit undefined	88.9315820806098	4.04234464002772
35.67	0.1673865	0.4808524	289.193200061255	256.3276	16.32758	136.3276	22.88605	exit undefined	87.1343756223383	3.96065343737901
35.78	0.1606599	0.4873695	288.244648381085	253.8654	13.86542	133.8654	22.88605	exit undefined	85.6207690993836	3.89185314088107
35.9	0.1522414	0.4894462	287.278219095626	251.3972	11.39725	131.3972	22.88605	exit undefined	84.119028218827	3.82359219176486
36.01	0.1404342	0.4909208	285.963853318154	248.9585	8.958511	128.9585	22.88605	exit undefined	82.9946580343851	3.77248445610841
36.12	0.1236298	0.498307	283.933716014188	246.4871	6.487061	126.4871	22.88605	exit undefined	82.5533445326868	3.75242475148576
36.23	0.1051708	0.5068462	281.72254518499	244.0366	4.03656	124.0366	22.88605	exit undefined	82.3140148736038	3.74154613061835
36.34	0.08646111	0.5143564	279.54196927814	241.5733	1.573334	121.5733	22.88605	exit undefined	82.0313644620944	3.72869838464065
36.45	0.06427124	0.5200093	277.045814999102	239.1336	359.1336	119.1336	22.88605	exit undefined	82.0877909579293	3.73126322536042
36.56	0.04153243	0.523761	274.533867889128	236.6827	356.6827	116.6827	22.88605	exit undefined	82.1488713686846	3.73403960766748
36.68	0.01785988	0.5238543	271.95264023304	234.2181	354.2181	114.2181	22.88605	exit undefined	82.2654688978191	3.73933949535541
36.79	-0.001363131	0.5209074	269.850065465407	231.7766	351.7766	111.7766	22.88605	exit undefined	81.9265611215073	3.72393459643215
36.9	-0.02351158	0.5167983	267.39514084232	229.3185	349.3185	109.3185	22.88605	exit undefined	81.9233711205704	3.72378959638956
37.01	-0.04962825	0.5110528	264.453407340016	226.869	346.869	106.869	22.88605	exit undefined	82.4156417322493	3.74616553328406
37.12	-0.08027278	0.5045619	260.960342455013	224.4138	344.4138	104.4138	22.88605	exit undefined	83.4534453867835	3.79333842667198
37.23	-0.1136337	0.4970877	257.123502832252	221.9466	341.9466	101.9466	22.88605	exit undefined	84.8230761472402	3.8555943703291
37.35	-0.1465507	0.4862738	253.2285159946	219.4737	339.4737	99.47369	22.88605	exit undefined	86.2451931118454	3.92023605053843
37.46	-0.1736684	0.4771755	250.000986296061	217.0619	337.0619	97.06189	22.88605	exit undefined	87.060918611166	3.95731448232573
37.57	-0.197168	0.4697459	247.230581409765	214.6149	334.6149	94.61487	22.88605	exit undefined	87.3842714955082	3.97201234070492
37.68	-0.2139577	0.4609463	245.100664023112	212.159	332.159	92.159	22.88605	exit undefined	87.05831730013	3.957196240915
37.79	-0.2293761	0.4516776	243.077100651368	209.7151	329.7151	89.71509	22.88605	exit undefined	86.6379719804676	3.9380896354758
37.9	-0.2452572	0.4423709	240.995336811604	207.2518	327.2518	87.25183	22.88605	exit undefined	86.2565095018728	3.92075043190331
38.01	-0.2634377	0.4332511	238.698364518122	204.8005	324.8005	84.80054	22.88605	exit undefined	86.1021573324642	3.91373442420292
38.13	-0.288281	0.4248779	235.842984357712	202.3512	322.3512	82.35123	22.88605	exit undefined	86.5082424489283	3.93219283858765
38.24	-0.3161789	0.4178655	232.886947468897	199.8976	319.8976	79.89764	22.88605	exit undefined	87.0106965740713	3.95503166245779
38.35	-0.3477526	0.4111927	229.778230912124	197.4628	317.4628	77.46283	22.88605	exit undefined	87.6845834189304	3.98566288267865
38.46	-0.3763523	0.4034164	226.987810811749	195.0044	315.0044	75.00443	22.88605	exit undefined	88.0166142370789	4.0007551925945
38.57	-0.4019519	0.3936024	224.398685072383	192.5627	312.5627	72.56265	22.88605	exit undefined	88.1639675155072	4.00745306888669
38.68	-0.4246469	0.3845463	222.162951516928	190.1002	310.1002	70.10022	22.88605	exit undefined	87.937252950845	3.99714786140205
38.79	-0.4414037	0.3733613	220.226214821805	187.6623	307.6623	67.66229	22.88605	exit undefined	87.4360623998749	3.97436647272159
38.91	-0.4526258	0.3580582	218.346426225399	185.1721	305.1721	65.17212	22.88605	exit undefined	86.8256929152262	3.94662240523756
39.01	-0.4578601	0.3474503	217.193290084565	182.9259	302.9259	62.9259	22.88605	exit undefined	85.7325979769588	3.89693627167995
39.11	-0.4597974	0.3332262	215.931742189752	180.6947	300.6948	60.69476	22.88605	exit undefined	84.7630057350531	3.85286389704787
39.22	-0.4654557	0.3125436	213.88052239865	178.2515	298.2515	58.25153	22.88605	exit undefined	84.3709882214674	3.83504491915761
39.33	-0.4711788	0.2867348	211.322507749636	175.8581	295.8581	55.85809	22.88605	exit undefined	84.5355702532938	3.84252592060427
39.45	-0.4777876	0.2565727	208.235871787863	173.2871	293.2871	53.28714	22.88605	exit undefined	85.0512681047156	3.86596673203253
39.55	-0.4851741	0.2228637	204.67158228543	170.9441	290.9441	50.94409	22.88605	exit undefined	86.2725095114448	3.92147770506567
39.66	-0.4909773	0.1892314	201.077549794831	168.4955	288.4955	48.49554	22.88605	exit undefined	87.4179793799741	3.97354451727155
39.77	-0.4938131	0.1632929	198.297887205202	166.0638	286.0638	46.06378	22.88605	exit undefined	87.7658945330792	3.98935884241269
39.89	-0.4935937	0.1411977	195.963733362226	163.612	283.612	43.61203	22.88605	exit undefined	87.6482966670712	3.98401348486687
40	-0.490822	0.1252766	194.318369529944	161.1614	281.1614	41.16138	22.88605	exit undefined	86.8430226819703	3.94741012190774
40.11	-0.4873773	0.1092682	192.636543245168	158.707	278.707	38.70697	22.88605	exit undefined	86.0704422284647	3.91229282856658
40.22	-0.4847293	0.0896554	190.478984024614	156.2523	276.2523	36.25235	22.88605	exit undefined	85.7733658289017	3.89878935585917
40.33	-0.484739	0.06716847	187.88902482026	153.8033	273.8033	33.80334	22.88605	exit undefined	85.9143199063029	3.90519635937741
40.44	-0.4906837	0.04457378	185.190509805227	151.3441	271.3441	31.34412	22.88605	exit undefined	86.1535911469211	3.91607232486005
40.56	-0.4992784	0.0198791	182.280063433675	148.8831	268.8831	28.88312	22.88605	exit undefined	86.6030695008955	3.93650315913161
40.67	-0.5084413	-0.004657269	179.475193522883	146.4236	266.4236	26.42365	22.88605	exit undefined	86.9484514966484	3.95220234075674
40.78	-0.5190763	-0.0295099	176.746193620057	143.9744	263.9744	23.97443	22.88605	exit undefined	87.2282326494741	3.96491966588519
40.89	-0.5334026	-0.05282426	174.344291557096	141.5445	261.5446	21.54456	22.88605	exit undefined	87.2002488481772	3.96364767491715
41	-0.5467128	-0.07192636	172.50512649943	139.0665	259.0665	19.06653	22.88605	exit undefined	86.5614018208828	3.93460917367649
41.11	-0.5566168	-0.08792555	171.02349037343	136.6267	256.6267	16.62674	22.88605	exit undefined	85.6032491285235	3.89105677856925
41.23	-0.5644622	-0.09594357	170.353437616056	134.1528	254.1528	14.15283	22.88605	exit undefined	83.7993944151943	3.80906338250883
41.34	-0.5726173	-0.1018795	169.911562442905	131.7138	251.7138	11.71384	22.88605	exit undefined	81.8022742270174	3.71828519213715
41.45	-0.575029	-0.1061565	169.540355308632	129.2767	249.2767	9.276688	22.88605	exit undefined	79.7363323134384	3.62437874151993
41.56	-0.5761541	-0.108853	169.301197971453	126.8013	246.8013	6.801346	22.88605	exit undefined	77.5001478537425	3.52273399335193
41.67	-0.5794366	-0.1112281	169.133738628564	124.3517	244.3517	4.351685	22.88605	exit undefined	75.2179535711433	3.41899788959742
41.78	-0.5846757	-0.1161004	168.768743565323	121.8914	241.8914	1.891388	22.88605	exit undefined	73.1226367447352	3.32375621566978
41.89	-0.5870626	-0.1245786	168.019184395101	119.4242	239.4242	359.4242	22.88605	exit undefined	71.4050328290203	3.24568331041002
42.01	-0.5852234	-0.1380092	166.730766946946	116.9783	236.9783	356.9783	22.88605	exit undefined	70.2475655725854	3.19307116239024
42.12	-0.5773222	-0.1570839	164.778848455821	114.5168	234.5168	354.5168	22.88605	exit undefined	69.7379438415423	3.16990653825192
42.23	-0.5615059	-0.1827689	161.970045121168	112.0484	232.0484	352.0484	22.88605	exit undefined	70.0783862753163	3.18538119433256
42.34	-0.5378528	-0.2122445	158.465089866758	109.6074	229.6075	349.6075	22.88605	exit undefined	71.1423548964252	3.23374340438296
42.45	-0.5054141	-0.2495248	153.724277372992	107.1378	227.1378	347.1378	22.88605	exit undefined	73.4135476392153	3.33697943814615
42.57	-0.4626567	-0.2963815	147.356060523068	104.6749	224.6749	344.6749	22.88605	exit undefined	77.3188051995885	3.51449114543584
42.68	-0.4133144	-0.3527377	139.521344411745	102.1824	222.1824	342.1824	22.88605	exit undefined	82.6610362645241	3.75731983020564
42.79	-0.3645976	-0.4039073	132.071820997058	99.76294	219.7629	339.7629	22.88605	exit undefined	87.6911184560668	3.98595992982122
42.9	-0.3294129	-0.4438723	126.580383302739	97.30775	217.3077	337.3077	22.88605	exit undefined	90.7273635844679	4.12397107202127
43.01	-0.3002099	-0.4721386	122.450284851766	94.87915	214.8792	334.8792	22.88605	exit undefined	92.4288655388588	4.20131206994813
43.12	-0.2724403	-0.4944409	118.85506530196	92.41354	212.4135	332.4135	22.88605	exit undefined	93.5584707698175	4.25265776226443
43.23	-0.2446136	-0.5156788	115.377452101452	89.96914	209.9691	329.9691	22.88605	exit undefined	94.5916869976694	4.2996221362577
43.35	-0.2196468	-0.5357279	112.293480285191	87.49455	207.4946	327.4946	22.88605	exit undefined	95.201072327114	4.32732146941427
43.46	-0.2010575	-0.5600644	109.747625618183	85.03085	205.0309	325.0309	22.88605	exit undefined	95.2832200239072	4.33105545563214
43.57	-0.189029	-0.5970291	107.568625579469	82.59256	202.5926	322.5926	22.88605	exit undefined	95.0239342349837	4.3192697379538
43.68	-0.1810235	-0.6502458	105.556799200077	80.1423	200.1423	320.1423	22.88605	exit undefined	94.585496637325	4.29934075624205
43.79	-0.1706731	-0.7147367	103.430248648887	77.70559	197.7056	317.7056	22.88605	exit undefined	94.2753406455469	4.28524275661577
43.9	-0.1634946	-0.7874777	101.729009400998	75.22516	195.2252	315.2252	22.88605	exit undefined	93.4961492904077	4.24982496774581
44.02	-0.1622597	-0.8521427	100.780844591359	72.76318	192.7632	312.7632	22.88605	exit undefined	91.9823313729968	4.18101506240895
44.13	-0.1481192	-0.9035599	99.3096071912327	70.3269	190.3269	310.3269	22.88605	exit undefined	91.0172971056423	4.13714986843829
44.24	-0.140772	-0.9362365	98.5509062624956	67.85076	187.8508	307.8508	22.88605	exit undefined	89.2998551510786	4.05908432504903
44.35	-0.1476978	-0.9613956	98.7339847232582	65.40971	185.4097	305.4097	22.88605	exit undefined	86.675729021859	3.93980586462995
44.46	-0.1648387	-0.9843069	99.5069193854558	62.94711	182.9471	302.9471	22.88605	exit undefined	83.4401936516536	3.79273607507516
44.57	-0.1817498	-1.011348	100.187900848285	60.52029	180.5203	300.5203	22.88605	exit undefined	80.3323857117731	3.65147207780787
44.68	-0.1864012	-1.039649	100.164699717258	58.03976	178.0398	298.0398	22.88605	exit undefined	77.8750570576443	3.53977532080201
44.8	-0.177181	-1.070955	99.3940433331072	55.59254	175.5925	295.5925	22.88605	exit undefined	76.1985012225568	3.46356823738895
44.91	-0.1554592	-1.108176	97.9855616261781	53.16002	173.16	293.16	22.88605	exit undefined	75.1744572947204	3.41702078612365
45.02	-0.1243344	-1.157454	96.1312409662758	50.71567	170.7157	290.7157	22.88605	exit undefined	74.5844267583336	3.39020121628789
45.13	-0.08096296	-1.218701	93.8007936559313	48.26183	168.2618	288.2618	22.88605	exit undefined	74.4610357202894	3.38459253274043
45.24	-0.029553	-1.294754	91.307560654211	45.80369	165.8037	285.8037	22.88605	exit undefined	74.4961273951054	3.38618760886843
45.35	0.01510146	-1.366313	89.3667534447532	43.3512	163.3512	283.3512	22.88605	exit undefined	73.9844466590066	3.36292939359121
45.46	0.03906292	-1.420084	88.4243356329745	40.8971	160.8971	280.8971	22.88605	exit undefined	72.4727629082852	3.29421649583115
45.58	0.06202269	-1.46471	87.5752771897819	38.43452	158.4345	278.4345	22.88605	exit undefined	70.8592435316536	3.22087470598426
45.69	0.08207408	-1.506891	86.8824179316642	35.99099	155.991	275.991	22.88605	exit undefined	69.1085755680916	3.14129888945871
45.8	0.09526744	-1.547012	86.4760874128252	33.55473	153.5547	273.5547	22.88605	exit undefined	67.0786420488447	3.0490291840384
45.91	0.1037236	-1.591389	86.2708514456927	31.10728	151.1073	271.1073	22.88605	exit undefined	64.8364331002057	2.94711059546389
46.02	0.1093749	-1.637866	86.1795243321026	28.64029	148.6403	268.6403	22.88605	exit undefined	62.4607611598408	2.83912550726549
46.13	0.113156	-1.681788	86.1507628717409	26.19467	146.1947	266.1947	22.88605	exit undefined	60.0439030370725	2.72926831986693
46.24	0.1141866	-1.711308	86.182613369091	23.72505	143.7251	263.725	22.88605	exit undefined	57.5424346960946	2.61556521345884
46.36	0.1095053	-1.739581	86.3980271484026	21.26066	141.2607	261.2607	22.88605	exit undefined	54.8626311157575	2.49375595980716
46.47	0.1019195	-1.782311	86.7271685608655	18.85499	138.855	258.855	22.88605	exit undefined	52.1278214446277	2.36944642930126
46.58	0.0907841	-1.858356	87.2032207727641	16.38666	136.3867	256.3867	22.88605	exit undefined	49.1834407567769	2.23561094348986
46.69	0.1167412	-1.935778	86.5488372776304	13.94977	133.9498	253.9498	22.88605	exit undefined	47.4009298351016	2.15458771977734
46.81	0	-2	90.0000010505524	11.28666	131.2867	251.2867	22.88605	exit undefined	41.2866581901702	1.87666628137137
46.91	0	-2	90.0000010505524	9.067315	129.0673	249.0673	22.88605	exit undefined	39.0673140510711	1.77578700232141
47.01	0	-2	90.0000010505524	6.841288	126.8413	246.8413	22.88605	exit undefined	36.8412870391998	1.67460395632726
47.11	0	-2	90.0000010505524	4.621877	124.6219	244.6219	22.88605	exit undefined	34.6218761428985	1.57372164285902
47.21	0	-2	90.0000010505524	2.385012	122.385	242.385	22.88605	exit undefined	32.3850106224212	1.47204593738278
47.32	0	-2	90.0000010505524	0.08038266	120.0804	240.0804	22.88605	exit undefined	30.0803816094789	1.36729007315813
47.42	0	-2	90.0000010505524	357.8655	117.8655	237.8655	22.88605	exit undefined	27.8654774650726	1.26661261204875
47.52	0	-2	90.0000010505524	355.6275	115.6275	235.6275	22.88605	exit undefined	25.6275319084319	1.16488781401963
47.62	0	-2	90.0000010505524	353.4134	113.4134	233.4134	22.88605	exit undefined	23.4134205803069	1.06424639001395
47.72	0	-2	90.0000010505524	351.1649	111.1649	231.1649	22.88605	exit undefined	21.1649464592132	0.962043020873326
47.83	0	-2	90.0000010505524	348.9098	108.9098	228.9098	22.88605	exit undefined	18.9097584709319	0.859534475951451
47.93	0	-2	90.0000010505524	346.6038	106.6038	226.6038	22.88605	exit undefined	16.6037587150726	0.754716305230571
48.04	0	-2	90.0000010505524	344.2703	104.2703	224.2703	22.88605	exit undefined	14.2703236564788	0.648651075294493
48.14	0	-2	90.0000010505524	341.9845	101.9845	221.9845	22.88605	exit undefined	11.9844960197601	0.544749819080004
48.24	0	-2	90.0000010505524	339.7642	99.76416	219.7642	22.88605	exit undefined	9.76415910569759	0.443825413895345
48.35	0	-2	90.0000010505524	337.4595	97.45953	217.4595	22.88605	exit undefined	7.45953264085384	0.339069665493356
48.45	0	-2	90.0000010505524	335.256	95.25601	215.256	22.88605	exit undefined	5.25601091233821	0.238909586924464
48.55	0	-2	90.0000010505524	333.0123	93.01233	213.0123	22.88605	exit undefined	3.01232805101009	0.13692400231864
48.65	0	-2	90.0000010505524	330.7907	90.79074	210.7907	22.88605	exit undefined	0.790739916244462	0.0359427234656574
48.75	0	-2	90.0000010505524	328.5728	88.57281	208.5728	22.88605	exit undefined	118.572813890854	5.38967335867517
48.85	0	-2	90.0000010505524	326.3289	86.32886	206.3289	22.88605	exit undefined	116.328856371323	5.28767528960557
48.95	0	-2	90.0000010505524	324.101	84.10101	204.101	22.88605	exit undefined	114.101012133041	5.18640964241097
49.06	0	-2	90.0000010505524	321.8267	81.82672	201.8267	22.88605	exit undefined	111.826720140854	5.08303273367517
49.16	0	-2	90.0000010505524	319.4917	79.49167	199.4917	22.88605	exit undefined	109.491667650619	4.97689398411907
49.27	0	-2	90.0000010505524	317.236	77.23602	197.236	22.88605	exit undefined	107.236021898666	4.87436463175756
49.37	0	-2	90.0000010505524	314.8806	74.88055	194.8806	22.88605	exit undefined	104.880553148666	4.76729787039392
49.48	0	-2	90.0000010505524	312.5579	72.55786	192.5579	22.88605	exit undefined	102.557860277573	4.66172092170785
49.58	0	-2	90.0000010505524	310.3326	70.33258	190.3326	22.88605	exit undefined	100.332579515854	4.56057179617517
49.69	0	-2	90.0000010505524	308.0361	68.0361	188.0361	22.88605	exit undefined	98.0361012443695	4.45618642019861
49.79	0	-2	90.0000010505524	305.7658	65.76578	185.7658	22.88605	exit undefined	95.7657765373382	4.35298984260628
49.89	0	-2	90.0000010505524	303.5505	63.55054	183.5505	22.88605	exit undefined	93.5505360588226	4.25229709358285
49.99	0	-2	90.0000010505524	301.3196	61.31958	181.3196	22.88605	exit undefined	91.3195790275726	4.15088995579875
50.09	0	-2	90.0000010505524	299.1025	59.10254	179.1025	22.88605	exit undefined	89.1025380119476	4.05011536417944
50.2	0	-2	90.0000010505524	296.8119	56.81189	176.8119	22.88605	exit undefined	86.8118885978851	3.9459949362675
50.3	0	-2	90.0000010505524	294.5161	54.51605	174.5161	22.88605	exit undefined	84.5160511955413	3.84163869070642
50.42	0	-2	90.0000010505524	291.9546	51.95459	171.9546	22.88605	exit undefined	81.9545887931976	3.72520858150898
